server.port=8888

location.lat=59.467958
location.lng=25.057546

api.darksky.key=db5b63b0571992ff7d0bba5083513920
